65520.066 3.8701666666666745
65520.168 3.8704166666666744
65520.266 3.8706659722222247
65520.367 3.8709159722222246
65520.465 3.871165972222225
65520.566 3.8714159722222248
65520.668 3.8716666666666746
65520.766 3.871915972222225
65520.867 3.872165972222225
65520.965 3.8724166666666746
65521.066 3.872665972222225
65521.168 3.872915972222225
65521.266 3.8731659722222247
65521.367 3.873415972222225
65521.465 3.8736666666666744
65521.566 3.8739159722222247
65521.668 3.874165972222225
65521.766 3.874415972222225
65521.867 3.8746659722222248
65521.965 3.8749159722222246
65522.066 3.8751666666666744
65522.168 3.875415972222225
65522.266 3.8756659722222246
65522.367 3.875915972222225
65522.465 3.8761666666666743
65522.566 3.8764159722222247
65522.668 3.876665972222225
65522.766 3.876915972222225
65522.867 3.8771659722222247
65522.965 3.877415972222225
65523.066 3.8776666666666744
65523.168 3.8779159722222247
65523.266 3.8781659722222246
65523.367 3.878415972222225
65523.465 3.8786659722222248
65523.566 3.8789159722222246
65523.668 3.879165972222225
65523.766 3.879415972222225
65523.867 3.8796659722222246
65523.965 3.879915972222225
65524.066 3.8801666666666743
65524.168 3.8804159722222247
65524.266 3.880665972222225
65524.367 3.880915972222225
65524.465 3.8811659722222247
65524.566 3.881415972222225
65524.668 3.881665972222225
65524.766 3.8819159722222247
65524.867 3.8821659722222246
65524.965 3.882415972222225
65525.066 3.8826659722222248
65525.168 3.8829159722222246
65525.266 3.883165972222225
65525.367 3.8834166666666743
65525.465 3.8836659722222246
65525.566 3.883915972222225
65525.668 3.884165972222225
65525.766 3.8844166666666746
65525.867 3.884665972222225
65525.965 3.884915972222225
65526.066 3.8851659722222247
65526.168 3.885415972222225
65526.266 3.885665972222225
65526.367 3.8859159722222247
65526.465 3.8861659722222246
65526.566 3.886415972222225
65526.668 3.8866666666666743
65526.766 3.8869159722222246
65526.867 3.887165972222225
65526.965 3.887415972222225
65527.066 3.8876659722222247
65527.168 3.887915972222225
65527.266 3.888165972222225
65527.367 3.8884159722222247
65527.465 3.8886666666666745
65527.566 3.888915972222225
65527.668 3.8891659722222247
65527.766 3.889415972222225
65527.867 3.889665972222225
65527.965 3.8899159722222247
65528.066 3.8901659722222246
65528.168 3.8904166666666744
65528.266 3.8906659722222248
65528.367 3.8909159722222246
65528.465 3.891165972222225
65528.566 3.891415972222225
65528.668 3.8916666666666746
65528.766 3.891915972222225
65528.867 3.892165972222225
65528.965 3.8924159722222247
65529.066 3.892665972222225
65529.168 3.892915972222225
65529.266 3.8931659722222247
65529.367 3.893415972222225
65529.465 3.893665972222225
65529.566 3.8939159722222247
65529.668 3.8941659722222246
65529.766 3.8944166666666744
65529.867 3.8946659722222248
65529.965 3.8949159722222246
65530.066 3.895165972222225
65530.168 3.895415972222225
65530.266 3.8956659722222247
65530.367 3.895915972222225
65530.465 3.896165972222225
65530.566 3.8964159722222247
65530.668 3.896665972222225
65530.766 3.896915972222225
65530.867 3.8971659722222247
65530.965 3.897415972222225
65531.066 3.897665972222225
65531.168 3.8979159722222247
65531.266 3.8981666666666746
65531.367 3.898415972222225
65531.465 3.8986659722222248
65531.566 3.8989166666666746
65531.668 3.899165972222225
65531.766 3.899415972222225
65531.867 3.8996659722222247
65531.965 3.899915972222225
65532.066 3.900165972222225
65532.168 3.9004159722222247
65532.266 3.900665972222225
65532.367 3.900915972222225
65532.465 3.9011659722222247
65532.566 3.901415972222225
65532.668 3.901665972222225
65532.766 3.9019159722222247
65532.867 3.9021659722222246
65532.965 3.902415972222225
65533.066 3.9026659722222248
65533.168 3.9029159722222246
65533.266 3.903165972222225
65533.367 3.903415972222225
65533.465 3.9036659722222247
65533.566 3.903915972222225
65533.668 3.904165972222225
65533.766 3.9044159722222247
65533.867 3.904665972222225
65533.965 3.904915972222225
65534.066 3.9051659722222247
65534.168 3.905415972222225
65534.266 3.905665972222225
65534.367 3.9059159722222248
65534.465 3.9061659722222246
65534.566 3.906415972222225
65534.668 3.906665972222225
65534.766 3.9069166666666746
65534.867 3.907165972222225
65534.965 3.907415972222225
65535.066 3.9076659722222247
65535.168 3.907915972222225
65535.266 3.908165972222225
65535.367 3.9084159722222247
65535.465 3.908665972222225
65535.566 3.908915972222225
65535.668 3.9091659722222247
65535.766 3.9094159722222246
65535.867 3.909665972222225
65535.965 3.9099159722222248
65536.06 3.910165972222248
65536.164 3.910415972222225
65536.266 3.910665972222225
65536.37 3.9109159722222016
65536.47 3.911165972222225
65536.56 3.911415972222248
65536.664 3.9116659722222247
65536.766 3.911915972222225
65536.87 3.9121659722222013
65536.97 3.9124159722222247
65537.06 3.912665972222248
65537.164 3.912915972222225
65537.266 3.9131659722222247
65537.37 3.9134159722222015
65537.47 3.913665972222225
65537.56 3.9139159722222483
65537.664 3.9141659722222246
65537.766 3.914415972222225
65537.87 3.9146659722222017
65537.97 3.9149159722222246
65538.06 3.915165972222248
65538.164 3.915415972222225
65538.266 3.9156666666666746
65538.37 3.9159159722222014
65538.47 3.916165972222225
65538.56 3.9164159722222482
65538.664 3.9166666666666745
65538.766 3.916915972222225
65538.87 3.9171659722222016
65538.97 3.9174159722222246
65539.06 3.9176666666666975
65539.164 3.9179159722222248
65539.266 3.9181659722222246
65539.37 3.9184159722222014
65539.47 3.918665972222225
65539.56 3.918915972222248
65539.664 3.919165972222225
65539.766 3.919415972222225
65539.87 3.9196659722222016
65539.97 3.919915972222225
65540.06 3.920165972222248
65540.164 3.9204159722222247
65540.266 3.920665972222225
65540.37 3.9209159722222013
65540.47 3.9211659722222247
65540.56 3.921415972222248
65540.664 3.921665972222225
65540.766 3.9219159722222248
65540.87 3.9221659722222015
65540.97 3.922415972222225
65541.06 3.922665972222248
65541.164 3.9229159722222247
65541.266 3.923165972222225
65541.37 3.9234166666666512
65541.47 3.9236659722222247
65541.56 3.923915972222248
65541.664 3.924165972222225
65541.766 3.9244159722222247
65541.87 3.9246659722222015
65541.97 3.924915972222225
65542.06 3.9251659722222483
65542.164 3.9254159722222246
65542.266 3.925665972222225
65542.37 3.9259159722222017
65542.47 3.9261666666666746
65542.56 3.926415972222248
65542.664 3.926665972222225
65542.766 3.9269159722222247
65542.87 3.9271659722222014
65542.97 3.927415972222225
65543.06 3.9276659722222482
65543.164 3.927915972222225
65543.266 3.928165972222225
65543.37 3.9284159722222016
65543.47 3.928665972222225
65543.56 3.928915972222248
65543.664 3.9291659722222247
65543.766 3.9294159722222246
65543.87 3.9296659722222014
65543.97 3.9299159722222248
65544.06 3.930110648148158
65544.164 3.9302773148148087
65544.266 3.9304439814815066
65544.37 3.9306106481481575
65544.47 3.930777314814832
65544.56 3.9309439814815064
65544.664 3.9311106481481577
65544.766 3.931277314814832
65544.87 3.931443981481483
65544.97 3.9316106481481574
65545.06 3.9317773148148323
65545.164 3.931943981481483
65545.266 3.9321106481481576
65545.37 3.932277314814809
65545.47 3.9324439814814833
65545.56 3.9326106481481578
65545.664 3.9327773148148086
65545.766 3.9329439814815066
65545.87 3.9331106481481575
65545.97 3.933277314814832
65546.06 3.9334439814815063
65546.164 3.9336106481481576
65546.266 3.933777314814832
65546.37 3.9339439814814834
65546.47 3.934110648148158
65546.56 3.9342773148148322
65546.664 3.934443981481483
65546.766 3.9346106481481575
65546.87 3.934777314814809
65546.97 3.9349439814814833
65547.06 3.9351106481481577
65547.164 3.9352773148148086
65547.266 3.9354439814815065
65547.37 3.9356106481481574
65547.47 3.935777314814832
65547.56 3.9359439814815067
65547.664 3.9361106481481576
65547.766 3.936277314814832
65547.87 3.9364439814814833
65547.97 3.9366106481481578
65548.06 3.936777314814832
65548.164 3.936943981481483
65548.266 3.9371106481481575
65548.37 3.937277314814809
65548.47 3.9374439814814832
65548.56 3.9376106481481576
65548.664 3.937777314814809
65548.766 3.9379439814815065
65548.87 3.938110648148158
65548.97 3.9382773148148322
65549.06 3.9384439814815067
65549.164 3.938611111111124
65549.266 3.938777314814832
65549.37 3.9389439814814833
65549.47 3.9391106481481577
65549.56 3.939277314814832
65549.664 3.939443981481483
65549.766 3.9396106481481574
65549.87 3.9397773148148088
65549.97 3.939943981481483
65550.06 3.9401106481481576
65550.164 3.940277314814809
65550.266 3.9404439814815064
65550.37 3.9406106481481578
65550.47 3.940777314814832
65550.56 3.9409439814815066
65550.664 3.9411106481481575
65550.766 3.941277314814832
65550.87 3.9414439814814832
65550.97 3.9416106481481576
65551.06 3.941777314814832
65551.164 3.9419439814814834
65551.266 3.942110648148158
65551.37 3.9422773148148087
65551.47 3.942443981481483
65551.56 3.9426106481481575
65551.664 3.942777314814809
65551.766 3.9429439814815064
65551.87 3.9431106481481577
65551.97 3.943277314814832
65552.06 3.9434439814815065
65552.164 3.9436106481481574
65552.266 3.943777314814832
65552.37 3.943943981481483
65552.47 3.9441106481481576
65552.56 3.944277314814832
65552.664 3.9444439814814833
65552.766 3.9446106481481578
65552.87 3.9447773148148086
65552.97 3.944943981481483
65553.06 3.9451106481481575
65553.164 3.945277314814809
65553.266 3.9454439814815063
65553.37 3.9456106481481577
65553.47 3.945777314814832
65553.56 3.9459439814815065
65553.664 3.946110648148158
65553.766 3.9462773148148322
65553.87 3.946443981481483
65553.97 3.9466106481481575
65554.06 3.946777314814832
65554.164 3.9469439814814833
65554.266 3.9471106481481577
65554.37 3.9472773148148086
65554.47 3.947443981481483
65554.56 3.9476106481481574
65554.664 3.9477773148148088
65554.766 3.9479439814815063
65554.87 3.9481106481481576
65554.97 3.948277314814832
65555.06 3.9484439814815064
65555.164 3.9486106481481578
65555.266 3.948777314814832
65555.37 3.9489444444444497
65555.47 3.9491106481481575
65555.56 3.949277314814832
65555.664 3.9494439814814832
65555.766 3.9496106481481577
65555.87 3.949777314814809
65555.97 3.9499439814814834
65556.06 3.950110648148158
65556.164 3.9502773148148087
65556.266 3.9504439814815067
65556.37 3.9506106481481575
65556.47 3.950777314814832
65556.56 3.9509439814815064
65556.664 3.9511106481481577
65556.766 3.951277314814832
65556.87 3.951443981481483
65556.97 3.9516106481481574
65557.06 3.951777314814832
65557.164 3.951943981481483
65557.266 3.9521106481481576
65557.37 3.952277314814809
65557.47 3.9524439814814833
65557.56 3.9526106481481578
65557.664 3.9527773148148087
65557.766 3.9529439814815066
65557.87 3.9531106481481575
65557.97 3.953277314814832
65558.06 3.9534439814815063
65558.164 3.9536106481481577
65558.266 3.953777314814832
65558.37 3.9539439814814834
65558.47 3.954110648148158
65558.56 3.9542773148148322
65558.664 3.9544444444444498
65558.766 3.9546106481481575
65558.87 3.954777314814809
65558.97 3.9549439814814833
65559.06 3.9551106481481577
65559.164 3.9552773148148086
65559.266 3.9554439814815066
65559.37 3.9556106481481574
65559.47 3.955777314814832
65559.56 3.9559439814815063
65559.664 3.9561106481481576
65559.766 3.956277314814832
65559.87 3.9564439814814834
65559.97 3.9566106481481578
65560.06 3.956777314814832
65560.164 3.956943981481483
65560.266 3.9571106481481575
65560.37 3.957277314814809
65560.47 3.9574439814814832
65560.56 3.9576106481481577
65560.664 3.957777314814809
65560.766 3.9579439814815065
65560.87 3.958110648148158
65560.97 3.9582773148148322
65561.06 3.9584439814815067
65561.164 3.9586106481481576
65561.266 3.958777314814832
65561.37 3.9589439814814833
65561.47 3.9591106481481577
65561.56 3.959277314814832
65561.664 3.959443981481483
65561.766 3.9596106481481574
65561.87 3.9597773148148088
65561.97 3.95994444444445
65562.06 3.9601111111111242
65562.164 3.9602777777777987
65562.266 3.9604444444444495
65562.37 3.960611111111124
65562.47 3.9607777777777753
65562.56 3.9609444444444497
65562.664 3.961111111111124
65562.766 3.961277777777775
65562.87 3.9614444444444494
65562.97 3.9616111111111008
65563.06 3.961777777777775
65563.164 3.9619444444444496
65563.266 3.962111111111124
65563.37 3.9622777777777984
65563.47 3.9624444444444498
65563.56 3.962611111111124
65563.664 3.9627777777777986
65563.766 3.9629444444444495
65563.87 3.963111111111124
65563.97 3.9632777777777752
65564.06 3.9634444444444497
65564.164 3.963611111111124
65564.266 3.9637777777777754
65564.37 3.96394444444445
65564.47 3.9641111111111007
65564.56 3.964277777777775
65564.664 3.9644444444444495
65564.766 3.964611111111124
65564.87 3.9647777777777984
65564.97 3.9649444444444497
65565.06 3.965111111111124
65565.164 3.9652777777777986
65565.266 3.9654444444444494
65565.37 3.965611111111124
65565.47 3.965777777777775
65565.56 3.9659444444444496
65565.664 3.966111111111124
65565.766 3.9662777777777753
65565.87 3.9664444444444498
65565.97 3.9666111111111007
65566.06 3.966777777777775
65566.164 3.9669444444444495
65566.266 3.967111111111124
65566.37 3.9672777777777983
65566.47 3.9674444444444497
65566.56 3.967611111111124
65566.664 3.9677777777777985
65566.766 3.96794444444445
65566.87 3.9681111111111242
65566.97 3.968277777777775
65567.06 3.9684444444444495
65567.164 3.968611111111124
65567.266 3.9687777777777753
65567.37 3.9689444444444497
65567.47 3.9691111111111006
65567.56 3.969277777777775
65567.664 3.9694444444444494
65567.766 3.969611111111124
65567.87 3.9697777777777983
65567.97 3.9699444444444496